1 1 -1 1 4.1509 
1 1 1 3 4.1509 
1 2 -1 2 3.5082 
1 3 -2 2 4.8690 
1 3 -1 3 3.0676 
1 4 -2 3 4.3546 
2 -2 -1 1 4.6197 
2 -2 1 1 4.6197 
2 -2 2 2 4.6197 
2 -2 3 3 4.6197 
2 -1 -1 0 3.8065 
2 -1 1 2 3.8065 
2 -1 2 3 3.8065 
2 1 -2 1 4.6025 
2 1 -1 2 2.8996 
2 2 -2 2 4.1509 
2 2 -1 3 2.6151 
2 3 -3 2 4.9737 
2 3 -2 3 3.7959 
2 4 -3 3 4.5968 
3 -4 -1 2 4.1776 
3 -4 1 0 4.1776 
3 -4 2 1 4.1776 
3 -4 3 2 4.1776 
3 -4 4 3 4.1776 
3 -3 -1 1 3.5257 
3 -3 1 1 3.5257 
3 -3 2 2 3.5257 
3 -3 3 3 3.5257 
3 -2 -2 1 4.8889 
3 -2 -1 0 3.0801 
3 -2 1 2 3.0801 
3 -2 2 3 3.0801 
3 -1 -2 0 4.3696 
3 -1 -1 1 2.7529 
3 -1 1 3 2.7529 
3 1 -3 1 4.7822 
3 1 -2 2 3.6498 
3 1 -1 3 2.2993 
3 2 -3 2 4.4387 
3 2 -2 3 3.3876 
3 3 -3 3 4.1509 
3 4 -4 3 4.7311 
4 -4 -2 2 4.6197 
4 -4 -1 1 2.9105 
4 -4 1 1 2.9105 
4 -4 2 2 2.9105 
4 -4 3 3 2.9105 
4 -3 -2 1 4.1642 
4 -3 -1 0 2.6234 
4 -3 1 2 2.6234 
4 -3 2 3 2.6234 
4 -2 -3 1 4.9876 
4 -2 -2 0 3.8065 
4 -2 -1 1 2.3981 
4 -2 1 3 2.3981 
4 -1 -3 0 4.6082 
4 -1 -2 1 3.5169 
4 -1 -1 2 2.2156 
4 1 -4 1 4.8789 
4 1 -3 2 4.0277 
4 1 -2 3 3.0738 
4 2 -4 2 4.6025 
4 2 -3 3 3.7994 
4 3 -4 3 4.3621 
5 -4 -3 2 4.7948 
5 -4 -2 1 3.6594 
5 -4 -1 0 2.3054 
5 -4 1 2 2.3054 
5 -4 2 3 2.3054 
5 -3 -3 1 4.4492 
5 -3 -2 0 3.3956 
5 -3 -1 1 2.1391 
5 -3 1 3 2.1391 
5 -2 -3 0 4.1597 
5 -2 -2 1 3.1746 
5 -2 -1 2 1.9999 
5 -1 -4 0 4.7403 
5 -1 -3 1 3.9132 
5 -1 -2 2 2.9865 
5 -1 -1 3 1.8813 
5 1 -4 2 4.2567 
5 1 -3 3 3.5140 
5 2 -4 3 4.0576 
6 -4 -4 2 4.8889 
6 -4 -3 1 4.0359 
6 -4 -2 0 3.0801 
6 -4 -1 1 1.9403 
6 -4 1 3 1.9403 
6 -3 -4 1 4.6110 
6 -3 -3 0 3.8065 
6 -3 -2 1 2.9050 
6 -3 -1 2 1.8300 
6 -2 -4 0 4.3696 
6 -2 -3 1 3.6072 
6 -2 -2 2 2.7529 
6 -2 -1 3 1.7342 
6 -1 -4 1 4.1575 
6 -1 -3 2 3.4321 
6 -1 -2 3 2.6192 
6 1 -4 3 3.8012 
7 -4 -4 1 4.2638 
7 -4 -3 0 3.5199 
7 -4 -2 1 2.6862 
7 -4 -1 2 1.6922 
7 -3 -4 0 4.0639 
7 -3 -3 1 3.3548 
7 -3 -2 2 2.5602 
7 -3 -1 3 1.6128 
7 -2 -4 1 3.8858 
7 -2 -3 2 3.2078 
7 -2 -2 3 2.4480 
7 -1 -4 2 3.7261 
7 -1 -3 3 3.0759 
8 -4 -4 0 3.8065 
8 -4 -3 1 3.1423 
8 -4 -2 2 2.3981 
8 -4 -1 3 1.5106 
8 -3 -4 1 3.6546 
8 -3 -3 2 3.0169 
8 -3 -2 3 2.3023 
8 -2 -4 2 3.5169 
8 -2 -3 3 2.9032 
8 -1 -4 3 3.3916 
